1747,1610,1300
1747,1610,1800
1752,1614,1800
1757,1618,1800
1763,1622,1800
1768,1626,1800
1773,1631,1800
1779,1635,1800
1784,1639,1800
1790,1644,1800
1795,1648,1800
1800,1652,1800
1806,1657,1800
1811,1661,1800
1816,1666,1800
1822,1670,1800
1827,1675,1800
1826,1670,1800
1826,1666,1800
1825,1662,1800
1824,1658,1800
1823,1653,1800
1823,1649,1800
1822,1645,1800
1821,1640,1800
1820,1636,1800
1819,1631,1800
1818,1627,1800
1817,1622,1800
1816,1618,1800
1814,1613,1800
1813,1608,1800
1812,1604,1800
1810,1599,1800
1809,1594,1800
1808,1590,1800
1814,1594,1800
1820,1599,1800
1826,1604,1800
1832,1608,1800
1838,1613,1800
1844,1618,1800
1850,1622,1800
1856,1627,1800
1862,1632,1800
1868,1637,1800
1875,1642,1800
1881,1647,1800
1887,1652,1300
1881,1648,1300
1875,1645,1300
1869,1641,1300
1863,1637,1300
1857,1634,1300
1851,1630,1300
1845,1627,1300
1839,1624,1300
1833,1620,1300
1827,1617,1300
1822,1614,1300
1816,1611,1300
1810,1608,1300
1805,1604,1300
1799,1601,1300
1794,1598,1300
1788,1595,1300
1782,1592,1300
1777,1590,1300
1772,1587,1300
1766,1584,1300
1761,1581,1300
1755,1578,1300
1750,1576,1300
1745,1573,1300
1740,1571,1300
1734,1568,1300
1729,1566,1300
1724,1563,1300
1719,1561,1300
1714,1558,1300
1709,1556,1800
1712,1555,1800
1715,1554,1800
1718,1553,1800
1721,1552,1800
1724,1551,1800
1727,1550,1800
1730,1549,1800
1733,1548,1800
1736,1547,1800
1739,1546,1800
1743,1545,1800
1746,1544,1800
1749,1543,1800
1752,1542,1800
1755,1541,1800
1758,1540,1800
1762,1540,1800
1765,1539,1800
1768,1538,1800
1771,1537,1800
1775,1537,1800
1778,1536,1300
1775,1537,1300
1771,1537,1300
1768,1538,1300
1765,1538,1300
1761,1539,1300
1758,1540,1300
1755,1540,1300
1752,1541,1300
1749,1542,1300
1745,1542,1800
1740,1540,1800
1735,1537,1800
1729,1534,1800
1724,1531,1800
1719,1529,1800
1713,1526,1800
1708,1523,1800
1703,1521,1800
1698,1518,1800
1693,1516,1800
1688,1514,1800
1683,1511,1800
1678,1509,1800
1673,1507,1800
1668,1504,1800
1663,1502,1300
1668,1504,1300
1673,1506,1300
1678,1509,1300
1684,1511,1300
1689,1513,1300
1694,1516,1300
1699,1518,1300
1705,1521,1300
1710,1523,1300
1715,1526,1300
1721,1529,1300
1726,1531,1300
1732,1534,1300
1737,1537,1300
1743,1540,1800
1741,1535,1800
1740,1530,1800
1738,1525,1800
1736,1520,1800
1735,1515,1800
1733,1510,1800
1731,1505,1800
1729,1499,1800
1727,1494,1800
1725,1489,1800
1723,1484,1800
1720,1478,1800
1718,1473,1800
1716,1468,1300
1711,1467,1300
1707,1466,1300
1703,1465,1300
1699,1464,1300
1694,1464,1300
1690,1463,1300
1686,1462,1300
1682,1462,1300
1678,1461,1300
1674,1460,1300
1670,1460,1300
1665,1459,1300
1661,1459,1300
1658,1459,1300
1654,1458,1300
1650,1458,1300
1646,1458,1300
1642,1457,1300
1638,1457,1300
1634,1457,1300
1630,1457,1300
1627,1457,1800
1627,1453,1800
1627,1449,1800
1627,1445,1800
1627,1441,1800
1627,1437,1800
1626,1433,1800
1626,1429,1800
1626,1425,1800
1626,1421,1800
1625,1417,1800
1625,1413,1800
1625,1408,1800
1624,1404,1800
1620,1403,1800
1616,1402,1800
1611,1402,1800
1607,1401,1800
1603,1400,1800
1599,1399,1800
1594,1398,1800
1590,1398,1800
1586,1397,1800
1582,1397,1800
1578,1396,1800
1574,1396,1800
1570,1395,1300
1574,1395,1300
1577,1396,1300
1581,1396,1300
1585,1396,1300
1589,1397,1300
1593,1397,1300
1597,1398,1300
1601,1398,1300
1605,1399,1300
1609,1399,1300
1614,1400,1300
1618,1401,1300
1622,1401,1800
1624,1400,1800
1627,1399,1800
1629,1397,1800
1632,1396,1800
1634,1394,1800
1636,1393,1800
1639,1392,1800
1641,1390,1800
1644,1389,1300
1638,1383,1300
1632,1377,1300
1626,1371,1300
1620,1366,1300
1614,1360,1300
1608,1354,1300
1603,1348,1300
1597,1343,1300
1591,1337,1300
1585,1331,1300
1579,1326,1300
1573,1320,1800
1571,1322,1800
1569,1324,1800
1567,1325,1800
1565,1327,1800
1563,1329,1800
1561,1331,1800
1559,1333,1800
1557,1335,1800
1555,1337,1800
1553,1339,1800
1551,1340,1800
1549,1342,1800
1547,1344,1800
1545,1346,1800
1543,1348,1800
1541,1350,1800
1538,1352,1800
1536,1354,1800
1534,1356,1800
1534,1351,1800
1533,1347,1800
1532,1343,1800
1531,1338,1800
1530,1333,1800
1530,1329,1800
1529,1324,1800
1528,1320,1800
1527,1315,1800
1526,1310,1800
1524,1306,1800
1523,1301,1800
1522,1296,1800
1521,1291,1800
1520,1286,1800
1518,1281,1800
1517,1276,1800
1516,1271,1800
1514,1266,1800
1513,1261,1800
1511,1256,1800
1510,1259,1800
1509,1262,1800
1508,1265,1800
1507,1268,1800
1506,1271,1800
1505,1274,1800
1504,1277,1800
1503,1280,1800
1502,1283,1800
1500,1286,1800
1499,1289,1800
1498,1292,1800
1497,1295,1800
1496,1298,1800
1495,1301,1800
1493,1304,1800
1492,1307,1800
1491,1309,1800
1490,1312,1800
1488,1315,1300
1483,1310,1300
1478,1305,1300
1474,1300,1300
1469,1295,1300
1464,1289,1300
1459,1284,1300
1454,1279,1300
1449,1274,1300
1444,1269,1300
1439,1264,1300
1434,1259,1300
1429,1254,1300
1424,1249,1300
1419,1244,1300
1414,1239,1800
1419,1245,1800
1424,1250,1800
1430,1255,1800
1435,1260,1800
1440,1265,1800
1445,1270,1800
1450,1275,1800
1455,1280,1800
1455,1280,1800
1455,1280,1800
1456,1277,1800
1457,1274,1800
1458,1271,1800
1459,1268,1800
1460,1265,1800
1461,1262,1800
1462,1259,1800
1462,1255,1800
1463,1252,1800
1464,1249,1800
1465,1246,1800
1466,1243,1800
1466,1239,1800
1467,1236,1800
1468,1233,1800
1469,1229,1800
1469,1226,1800
1464,1220,1800
1458,1214,1800
1452,1209,1800
1446,1203,1800
1441,1197,1800
1435,1191,1800
1429,1185,1800
1424,1180,1800
1424,1180,1800
1424,1180,1300
1427,1186,1300
1431,1192,1300
1434,1199,1300
1437,1205,1300
1441,1211,1300
1444,1217,1300
1447,1223,1300
1451,1229,1300
1454,1235,1300
1457,1241,1300
1460,1247,1300
1463,1253,1300
1466,1259,1800
1461,1254,1800
1456,1249,1800
1451,1244,1800
1446,1238,1800
1441,1233,1800
1436,1228,1800
1431,1223,1800
1426,1218,1800
1421,1213,1300
1416,1212,1300
1412,1212,1300
1408,1211,1300
1404,1210,1300
1400,1209,1300
1396,1209,1300
1393,1208,1300
1389,1208,1300
1385,1207,1300
1381,1207,1300
1380,1205,1300
1379,1203,1800
1374,1198,1800
1369,1194,1800
1364,1190,1800
1359,1185,1800
1354,1181,1800
1349,1177,1800
1344,1172,1800
1339,1168,1800
1335,1164,1800
1330,1160,1800
1325,1156,1800
1320,1152,1800
1315,1148,1800
1310,1144,1800
1306,1140,1800
1301,1136,1300
1306,1140,1300
1311,1144,1300
1316,1148,1300
1321,1152,1300
1326,1156,1300
1331,1161,1300
1336,1165,1300
1341,1169,1800
1341,1165,1800
1341,1162,1800
1342,1158,1800
1342,1154,1800
1342,1150,1800
1343,1146,1800
1343,1143,1800
1343,1139,1800
1343,1135,1800
1344,1131,1800
1344,1127,1800
1344,1123,1800
1344,1119,1800
1344,1115,1800
1344,1111,1800
1344,1107,1800
1344,1107,1800
1344,1107,1300
