1695,1533,1300
1695,1533,1800
1701,1536,1800
1707,1540,1800
1712,1543,1800
1718,1547,1800
1724,1550,1800
1730,1554,1800
1736,1558,1800
1742,1562,1800
1748,1565,1800
1745,1560,1800
1742,1554,1800
1739,1549,1800
1736,1543,1800
1733,1537,1800
1730,1531,1800
1726,1526,1800
1723,1520,1800
1720,1514,1800
1716,1508,1800
1713,1502,1800
1709,1496,1800
1705,1490,1800
1711,1494,1800
1717,1498,1800
1723,1502,1800
1729,1506,1800
1735,1510,1800
1741,1514,1800
1747,1518,1800
1753,1523,1800
1759,1527,1800
1765,1531,1800
1771,1536,1800
1777,1540,1300
1771,1536,1300
1765,1532,1300
1759,1529,1300
1753,1525,1300
1747,1522,1300
1741,1518,1300
1735,1515,1300
1729,1511,1300
1723,1508,1300
1718,1504,1300
1712,1501,1300
1706,1498,1300
1700,1495,1300
1695,1492,1300
1689,1489,1300
1684,1486,1300
1678,1483,1300
1673,1480,1300
1667,1477,1300
1662,1474,1300
1656,1471,1300
1651,1469,1300
1646,1466,1300
1641,1463,1300
1635,1461,1300
1630,1458,1300
1625,1456,1800
1627,1454,1800
1629,1452,1800
1632,1450,1800
1634,1449,1800
1636,1447,1800
1639,1445,1800
1641,1443,1800
1643,1442,1800
1645,1440,1800
1648,1438,1800
1650,1436,1800
1652,1435,1800
1655,1433,1800
1657,1431,1800
1659,1430,1800
1662,1428,1800
1664,1426,1800
1666,1425,1300
1664,1426,1300
1661,1428,1300
1658,1430,1300
1656,1431,1300
1653,1433,1300
1651,1434,1300
1648,1436,1300
1645,1438,1800
1640,1435,1800
1635,1433,1800
1630,1431,1800
1624,1429,1800
1619,1427,1800
1614,1425,1800
1609,1423,1800
1604,1421,1800
1599,1420,1800
1594,1418,1800
1589,1416,1300
1594,1418,1300
1599,1419,1300
1603,1421,1300
1608,1423,1300
1613,1424,1300
1618,1426,1300
1623,1428,1300
1628,1430,1300
1633,1432,1300
1638,1434,1800
1636,1428,1800
1634,1423,1800
1632,1417,1800
1630,1412,1800
1628,1406,1800
1626,1401,1800
1624,1395,1800
1621,1390,1800
1619,1384,1800
1617,1378,1800
1614,1372,1300
1611,1373,1300
1607,1373,1300
1604,1374,1300
1600,1375,1300
1597,1375,1300
1594,1376,1300
1590,1377,1300
1587,1377,1300
1584,1378,1300
1580,1379,1300
1577,1380,1300
1574,1380,1300
1571,1381,1300
1567,1382,1300
1564,1383,1300
1561,1384,1800
1560,1379,1800
1558,1374,1800
1557,1368,1800
1555,1363,1800
1553,1358,1800
1552,1352,1800
1550,1347,1800
1548,1341,1800
1543,1340,1800
1539,1338,1800
1534,1337,1800
1529,1335,1800
1524,1334,1800
1520,1332,1800
1515,1331,1800
1510,1330,1800
1506,1329,1300
1510,1329,1300
1515,1330,1300
1519,1331,1300
1524,1332,1300
1528,1333,1300
1533,1334,1300
1537,1335,1300
1542,1336,1300
1547,1338,1800
1549,1336,1800
1550,1334,1800
1552,1331,1800
1554,1329,1800
1556,1327,1800
1558,1325,1800
1560,1323,1800
1562,1321,1300
1558,1320,1300
1553,1318,1300
1548,1317,1300
1544,1315,1300
1539,1314,1300
1535,1313,1300
1530,1312,1300
1526,1310,1300
1521,1309,1300
1517,1308,1300
1512,1307,1300
1508,1306,1300
1504,1305,1300
1499,1304,1300
1495,1303,1300
1491,1302,1300
1487,1302,1300
1483,1301,1800
1484,1298,1800
1485,1295,1800
1486,1292,1800
1487,1289,1800
1488,1286,1800
1489,1283,1800
1490,1280,1800
1491,1277,1800
1492,1274,1800
1493,1271,1800
1494,1268,1800
1495,1265,1800
1496,1262,1800
1497,1258,1300
1496,1261,1300
1495,1264,1300
1494,1267,1300
1493,1270,1300
1491,1273,1300
1490,1276,1300
1489,1279,1300
1488,1281,1300
1486,1284,1300
1485,1287,1300
1484,1290,1300
1483,1293,1300
1481,1296,1800
1479,1290,1800
1477,1284,1800
1475,1279,1800
1472,1273,1800
1470,1267,1800
1468,1262,1800
1465,1256,1800
1463,1250,1800
1460,1244,1800
1458,1238,1800
1455,1232,1800
1452,1226,1800
1450,1220,1800
1447,1214,1800
1446,1218,1800
1446,1221,1800
1445,1225,1800
1444,1228,1800
1444,1232,1800
1443,1235,1800
1442,1239,1800
1441,1242,1800
1441,1245,1800
1440,1249,1800
1439,1252,1800
1438,1255,1300
1433,1250,1300
1428,1246,1300
1423,1241,1300
1418,1236,1300
1412,1231,1300
1407,1227,1300
1402,1222,1300
1397,1217,1300
1392,1213,1300
1387,1208,1300
1381,1204,1300
1376,1199,1800
1381,1204,1800
1386,1208,1800
1391,1213,1800
1396,1217,1800
1401,1222,1800
1401,1218,1800
1402,1214,1800
1402,1210,1800
1402,1206,1800
1402,1202,1800
1403,1198,1800
1403,1193,1800
1403,1189,1800
1403,1185,1800
1403,1181,1800
1403,1177,1800
1398,1172,1800
1392,1167,1800
1386,1162,1800
1380,1157,1800
1374,1152,1300
1378,1158,1300
1382,1165,1300
1385,1171,1300
1389,1177,1300
1392,1184,1300
1395,1190,1300
1399,1196,1300
1402,1202,1800
1397,1197,1800
1392,1193,1800
1387,1188,1800
1382,1183,1800
1377,1179,1300
1372,1178,1300
1368,1177,1300
1363,1176,1300
1359,1175,1300
1354,1174,1300
1350,1173,1800
1345,1169,1800
1340,1165,1800
1335,1161,1800
1331,1157,1800
1326,1153,1800
1321,1150,1800
1316,1146,1800
1311,1142,1800
1307,1138,1300
1311,1142,1300
1316,1145,1300
1321,1149,1300
1326,1152,1800
1326,1148,1800
1327,1144,1800
1327,1140,1800
1327,1136,1800
1327,1132,1800
1328,1128,1800
1328,1124,1800
1328,1120,1800
1328,1115,1800
1328,1111,1800
1328,1107,1800
1328,1102,1800
1328,1102,1300
